<====== NCPU: 4 - ORDER: 4 - TEST: 1 ======>


 <=== Generated Matrix A ===>

 [0.439845] [0.444796] [0.497578] [0.738454]
 [0.238771] [0.577044] [0.822449] [0.320300]
 [0.942562] [0.831523] [0.454440] [0.873514]
 [0.872598] [0.491568] [0.310409] [0.767108]


 <=== Generated Matrix B ===>

 [0.439845] [0.444796] [0.497578] [0.738454]
 [0.238771] [0.577044] [0.822449] [0.320300]
 [0.942562] [0.831523] [0.454440] [0.873514]
 [0.872598] [0.491568] [0.310409] [0.767108]


 <=== Product Matrix C ===>

 [1.413039] [1.229056] [1.040021] [1.468389]
 [1.297506] [1.280519] [1.066574] [1.325275]
 [1.803688] [1.706341] [1.630546] [2.029415]
 [1.463137] [1.306982] [1.217655] [1.661425]
 Overall time: 0.000277

<======================>


<====== NCPU: 4 - ORDER: 4 - TEST: 2 ======>


 <=== Generated Matrix A ===>

 [0.163628] [0.277221] [0.610716] [0.387140]
 [0.614346] [0.527913] [0.054688] [0.419375]
 [0.064390] [0.513127] [0.484236] [0.710065]
 [0.189934] [0.608212] [0.308625] [0.704017]


 <=== Generated Matrix B ===>

 [0.163628] [0.277221] [0.610716] [0.387140]
 [0.614346] [0.527913] [0.054688] [0.419375]
 [0.064390] [0.513127] [0.484236] [0.710065]
 [0.189934] [0.608212] [0.308625] [0.704017]


 <=== Product Matrix C ===>

 [0.309939] [0.740548] [0.530303] [0.885808]
 [0.508020] [0.732132] [0.559973] [0.793310]
 [0.491819] [0.969082] [0.521015] [1.083857]
 [0.558320] [0.960292] [0.515983] [1.043384]
 Overall time: 0.000229

<======================>


<====== NCPU: 4 - ORDER: 4 - TEST: 3 ======>


 <=== Generated Matrix A ===>

 [0.013914] [0.182878] [0.903192] [0.697402]
 [0.039577] [0.236768] [0.403747] [0.203933]
 [0.855824] [0.083295] [0.481212] [0.355474]
 [0.573689] [0.145034] [0.280909] [0.642451]


 <=== Generated Matrix B ===>

 [0.013914] [0.182878] [0.903192] [0.697402]
 [0.039577] [0.236768] [0.403747] [0.203933]
 [0.855824] [0.083295] [0.481212] [0.355474]
 [0.573689] [0.145034] [0.280909] [0.642451]


 <=== Product Matrix C ===>

 [1.180497] [0.222223] [0.716938] [0.816106]
 [0.472452] [0.126504] [0.382915] [0.350424]
 [0.630969] [0.267871] [1.138025] [1.013272]
 [0.622699] [0.255830] [0.892356] [0.942268]
 Overall time: 0.000278

<======================>


<====== NCPU: 4 - ORDER: 4 - TEST: 4 ======>


 <=== Generated Matrix A ===>

 [0.233411] [0.511072] [0.510747] [0.340879]
 [0.410155] [0.181036] [0.129659] [0.797089]
 [0.969861] [0.757223] [0.503982] [0.182844]
 [0.381725] [0.253313] [0.768320] [0.568105]


 <=== Generated Matrix B ===>

 [0.233411] [0.511072] [0.510747] [0.340879]
 [0.410155] [0.181036] [0.129659] [0.797089]
 [0.969861] [0.757223] [0.503982] [0.182844]
 [0.381725] [0.253313] [0.768320] [0.568105]


 <=== Product Matrix C ===>

 [0.889574] [0.684910] [0.704790] [0.773977]
 [0.600007] [0.542487] [0.910724] [0.760653]
 [1.095543] [1.060697] [0.988015] [1.130204]
 [1.155020] [0.966645] [1.051515] [0.795261]
 Overall time: 0.000263

<======================>


<====== NCPU: 4 - ORDER: 4 - TEST: 5 ======>


 <=== Generated Matrix A ===>

 [0.593928] [0.425933] [0.815781] [0.663574]
 [0.346321] [0.404658] [0.493804] [0.594681]
 [0.278636] [0.345658] [0.516547] [0.348593]
 [0.287559] [0.808836] [0.764441] [0.033169]


 <=== Generated Matrix B ===>

 [0.593928] [0.425933] [0.815781] [0.663574]
 [0.346321] [0.404658] [0.493804] [0.594681]
 [0.278636] [0.345658] [0.516547] [0.348593]
 [0.287559] [0.808836] [0.764441] [0.033169]


 <=== Product Matrix C ===>

 [0.918383] [1.244035] [1.623495] [0.953795]
 [0.654429] [0.962945] [1.192015] [0.662314]
 [0.529368] [0.719057] [0.931293] [0.582079]
 [0.673445] [0.740846] [1.054216] [0.939396]
 Overall time: 0.000247

<======================>
